{
  "cells": [
    {
      "cell_type": "markdown",
      "metadata": {
        "id": "gnxjhQ34OllT"
      },
      "source": [
        "#Problema del Vendedor Viajero **(TSP)** optimizado con *Algoritmos Genéticos*(GA)"
      ]
    },
    {
      "cell_type": "markdown",
      "metadata": {
        "id": "89saH8dTiby6"
      },
      "source": [
        "*The Traveling Salesman Problem* (TSP) es un problema de optimización combinatoria donde, dado un conjunto de ciudades (nodos) y la distancia entre ellas, se busca obtener el recorrido que, partiendo y regresando a una misma ciudad inicial, logré realizarse abarcando la menor distancia total posible. Este problema puede tener múltiples variaciones y los parámetros que determinan el \"costo\" a minimizar pueden variar.\n",
        "Independiente del tipo particular de TSP, algo que caracteriza a dicho problema es su comportamiento superpolinomial, esto es, que el costo computacional de resolver dicho problema aumenta polinomialmente a medida que aumentan la cantidad de ciudades (nodos) a considerar. Es por esto que, aunque existen algoritmos de optimización combinatoria bien establecidos que pueden resolver directamente el problema, el costo computacional para problemas con muchos nodos los vuelve una opción menos efectivas.\n",
        "Un tipo de algoritmos conocidos como los **algoritmos evolutivos**, ofrecen una alternativa más económica e ingeniosa para solucionar estos problemas de optimización combinatoria con una elevada exactitud."
      ]
    },
    {
      "cell_type": "markdown",
      "metadata": {
        "id": "ZVLl599gmskb"
      },
      "source": [
        "## 1. Dar formato al Data set"
      ]
    },
    {
      "cell_type": "code",
      "execution_count": 55,
      "metadata": {},
      "outputs": [
        {
          "name": "stdout",
          "output_type": "stream",
          "text": [
            "Defaulting to user installation because normal site-packages is not writeable\n",
            "Requirement already satisfied: numpy in /home/sebas/.local/lib/python3.10/site-packages (1.26.4)\n",
            "Defaulting to user installation because normal site-packages is not writeable\n",
            "Requirement already satisfied: pandas in /home/sebas/.local/lib/python3.10/site-packages (2.2.1)\n",
            "Requirement already satisfied: pytz>=2020.1 in /home/sebas/.local/lib/python3.10/site-packages (from pandas) (2024.1)\n",
            "Requirement already satisfied: python-dateutil>=2.8.2 in /home/sebas/.local/lib/python3.10/site-packages (from pandas) (2.8.2)\n",
            "Requirement already satisfied: numpy<2,>=1.22.4 in /home/sebas/.local/lib/python3.10/site-packages (from pandas) (1.26.4)\n",
            "Requirement already satisfied: tzdata>=2022.7 in /home/sebas/.local/lib/python3.10/site-packages (from pandas) (2024.1)\n",
            "Requirement already satisfied: six>=1.5 in /usr/lib/python3/dist-packages (from python-dateutil>=2.8.2->pandas) (1.16.0)\n",
            "Defaulting to user installation because normal site-packages is not writeable\n",
            "Requirement already satisfied: matplotlib in /home/sebas/.local/lib/python3.10/site-packages (3.8.3)\n",
            "Requirement already satisfied: packaging>=20.0 in /usr/lib/python3/dist-packages (from matplotlib) (21.3)\n",
            "Requirement already satisfied: pillow>=8 in /usr/lib/python3/dist-packages (from matplotlib) (9.0.1)\n",
            "Requirement already satisfied: contourpy>=1.0.1 in /home/sebas/.local/lib/python3.10/site-packages (from matplotlib) (1.2.0)\n",
            "Requirement already satisfied: pyparsing>=2.3.1 in /usr/lib/python3/dist-packages (from matplotlib) (2.4.7)\n",
            "Requirement already satisfied: python-dateutil>=2.7 in /home/sebas/.local/lib/python3.10/site-packages (from matplotlib) (2.8.2)\n",
            "Requirement already satisfied: kiwisolver>=1.3.1 in /home/sebas/.local/lib/python3.10/site-packages (from matplotlib) (1.4.5)\n",
            "Requirement already satisfied: numpy<2,>=1.21 in /home/sebas/.local/lib/python3.10/site-packages (from matplotlib) (1.26.4)\n",
            "Requirement already satisfied: fonttools>=4.22.0 in /home/sebas/.local/lib/python3.10/site-packages (from matplotlib) (4.49.0)\n",
            "Requirement already satisfied: cycler>=0.10 in /home/sebas/.local/lib/python3.10/site-packages (from matplotlib) (0.12.1)\n",
            "Requirement already satisfied: six>=1.5 in /usr/lib/python3/dist-packages (from python-dateutil>=2.7->matplotlib) (1.16.0)\n",
            "Defaulting to user installation because normal site-packages is not writeable\n",
            "Requirement already satisfied: IPython in /home/sebas/.local/lib/python3.10/site-packages (8.22.1)\n",
            "Requirement already satisfied: traitlets>=5.13.0 in /home/sebas/.local/lib/python3.10/site-packages (from IPython) (5.14.1)\n",
            "Requirement already satisfied: stack-data in /home/sebas/.local/lib/python3.10/site-packages (from IPython) (0.6.3)\n",
            "Requirement already satisfied: pexpect>4.3 in /usr/lib/python3/dist-packages (from IPython) (4.8.0)\n",
            "Requirement already satisfied: exceptiongroup in /home/sebas/.local/lib/python3.10/site-packages (from IPython) (1.2.0)\n",
            "Requirement already satisfied: prompt-toolkit<3.1.0,>=3.0.41 in /home/sebas/.local/lib/python3.10/site-packages (from IPython) (3.0.43)\n",
            "Requirement already satisfied: pygments>=2.4.0 in /home/sebas/.local/lib/python3.10/site-packages (from IPython) (2.17.2)\n",
            "Requirement already satisfied: decorator in /home/sebas/.local/lib/python3.10/site-packages (from IPython) (5.1.1)\n",
            "Requirement already satisfied: matplotlib-inline in /home/sebas/.local/lib/python3.10/site-packages (from IPython) (0.1.6)\n",
            "Requirement already satisfied: jedi>=0.16 in /home/sebas/.local/lib/python3.10/site-packages (from IPython) (0.19.1)\n",
            "Requirement already satisfied: parso<0.9.0,>=0.8.3 in /home/sebas/.local/lib/python3.10/site-packages (from jedi>=0.16->IPython) (0.8.3)\n",
            "Requirement already satisfied: wcwidth in /home/sebas/.local/lib/python3.10/site-packages (from prompt-toolkit<3.1.0,>=3.0.41->IPython) (0.2.13)\n",
            "Requirement already satisfied: asttokens>=2.1.0 in /home/sebas/.local/lib/python3.10/site-packages (from stack-data->IPython) (2.4.1)\n",
            "Requirement already satisfied: executing>=1.2.0 in /home/sebas/.local/lib/python3.10/site-packages (from stack-data->IPython) (2.0.1)\n",
            "Requirement already satisfied: pure-eval in /home/sebas/.local/lib/python3.10/site-packages (from stack-data->IPython) (0.2.2)\n",
            "Requirement already satisfied: six>=1.12.0 in /usr/lib/python3/dist-packages (from asttokens>=2.1.0->stack-data->IPython) (1.16.0)\n",
            "Defaulting to user installation because normal site-packages is not writeable\n",
            "Requirement already satisfied: openpyxl in /home/sebas/.local/lib/python3.10/site-packages (3.1.2)\n",
            "Requirement already satisfied: et-xmlfile in /home/sebas/.local/lib/python3.10/site-packages (from openpyxl) (1.1.0)\n"
          ]
        }
      ],
      "source": [
        "# Install the libraries to use\n",
        "!pip install numpy\n",
        "!pip install pandas\n",
        "!pip install matplotlib\n",
        "!pip install IPython\n",
        "!pip install openpyxl"
      ]
    },
    {
      "cell_type": "code",
      "execution_count": 56,
      "metadata": {
        "id": "r3AVXsWQmquD"
      },
      "outputs": [
        {
          "name": "stdout",
          "output_type": "stream",
          "text": [
            "Diccionario con las ciudades, y un identificador numérico que las caracteriza:\n",
            " {0: 'Palmira', 1: 'Pasto', 2: 'Tulua', 3: 'Bogota', 4: 'Pereira', 5: 'Armenia', 6: 'Manizales', 7: 'Valledupar', 8: 'Monteria', 9: 'Soledad', 10: 'Cartagena', 11: 'Barranquilla', 12: 'Medellin', 13: 'Bucaramanga', 14: 'Cucuta'} \n",
            "\n",
            "Dataframe:\n"
          ]
        },
        {
          "data": {
            "text/html": [
              "<div>\n",
              "<style scoped>\n",
              "    .dataframe tbody tr th:only-of-type {\n",
              "        vertical-align: middle;\n",
              "    }\n",
              "\n",
              "    .dataframe tbody tr th {\n",
              "        vertical-align: top;\n",
              "    }\n",
              "\n",
              "    .dataframe thead th {\n",
              "        text-align: right;\n",
              "    }\n",
              "</style>\n",
              "<table border=\"1\" class=\"dataframe\">\n",
              "  <thead>\n",
              "    <tr style=\"text-align: right;\">\n",
              "      <th></th>\n",
              "      <th>Unnamed: 0</th>\n",
              "      <th>Palmira</th>\n",
              "      <th>Pasto</th>\n",
              "      <th>Tulua</th>\n",
              "      <th>Bogota</th>\n",
              "      <th>Pereira</th>\n",
              "      <th>Armenia</th>\n",
              "      <th>Manizales</th>\n",
              "      <th>Valledupar</th>\n",
              "      <th>Monteria</th>\n",
              "      <th>Soledad</th>\n",
              "      <th>Cartagena</th>\n",
              "      <th>Barranquilla</th>\n",
              "      <th>Medellin</th>\n",
              "      <th>Bucaramanga</th>\n",
              "      <th>Cucuta</th>\n",
              "    </tr>\n",
              "  </thead>\n",
              "  <tbody>\n",
              "    <tr>\n",
              "      <th>0</th>\n",
              "      <td>Palmira</td>\n",
              "      <td>0.00000</td>\n",
              "      <td>163364.6915</td>\n",
              "      <td>48356.95593</td>\n",
              "      <td>224037.7153</td>\n",
              "      <td>99945.82034</td>\n",
              "      <td>91029.29153</td>\n",
              "      <td>140605.62390</td>\n",
              "      <td>451930.4949</td>\n",
              "      <td>407658.3389</td>\n",
              "      <td>527610.725400</td>\n",
              "      <td>499242.23040</td>\n",
              "      <td>503111.559300</td>\n",
              "      <td>205798.24750</td>\n",
              "      <td>326404.06440</td>\n",
              "      <td>404758.78640</td>\n",
              "    </tr>\n",
              "    <tr>\n",
              "      <th>1</th>\n",
              "      <td>Pasto</td>\n",
              "      <td>163364.69150</td>\n",
              "      <td>0.0000</td>\n",
              "      <td>186702.75730</td>\n",
              "      <td>361531.4136</td>\n",
              "      <td>237775.27250</td>\n",
              "      <td>229964.46090</td>\n",
              "      <td>287432.67590</td>\n",
              "      <td>618118.1017</td>\n",
              "      <td>545567.3227</td>\n",
              "      <td>643411.593200</td>\n",
              "      <td>638264.33900</td>\n",
              "      <td>650575.322000</td>\n",
              "      <td>354530.16880</td>\n",
              "      <td>465323.68820</td>\n",
              "      <td>533085.89830</td>\n",
              "    </tr>\n",
              "    <tr>\n",
              "      <th>2</th>\n",
              "      <td>Tulua</td>\n",
              "      <td>48356.95593</td>\n",
              "      <td>186702.7573</td>\n",
              "      <td>0.00000</td>\n",
              "      <td>249637.3966</td>\n",
              "      <td>53706.55600</td>\n",
              "      <td>65048.09287</td>\n",
              "      <td>103963.95940</td>\n",
              "      <td>414918.1864</td>\n",
              "      <td>349662.7627</td>\n",
              "      <td>471839.762700</td>\n",
              "      <td>471964.54910</td>\n",
              "      <td>627931.448800</td>\n",
              "      <td>167213.80070</td>\n",
              "      <td>493613.75930</td>\n",
              "      <td>374823.39650</td>\n",
              "    </tr>\n",
              "    <tr>\n",
              "      <th>3</th>\n",
              "      <td>Bogota</td>\n",
              "      <td>224037.71530</td>\n",
              "      <td>361531.4136</td>\n",
              "      <td>249637.39660</td>\n",
              "      <td>0.0000</td>\n",
              "      <td>183054.54310</td>\n",
              "      <td>137066.25080</td>\n",
              "      <td>131220.88810</td>\n",
              "      <td>329495.4373</td>\n",
              "      <td>371296.4475</td>\n",
              "      <td>382921.644100</td>\n",
              "      <td>398669.97970</td>\n",
              "      <td>399236.101600</td>\n",
              "      <td>208327.08470</td>\n",
              "      <td>184579.32200</td>\n",
              "      <td>206561.42850</td>\n",
              "    </tr>\n",
              "    <tr>\n",
              "      <th>4</th>\n",
              "      <td>Pereira</td>\n",
              "      <td>99945.82034</td>\n",
              "      <td>237775.2725</td>\n",
              "      <td>53706.55600</td>\n",
              "      <td>183054.5431</td>\n",
              "      <td>0.00000</td>\n",
              "      <td>28356.84739</td>\n",
              "      <td>51484.05085</td>\n",
              "      <td>350081.8312</td>\n",
              "      <td>307626.7729</td>\n",
              "      <td>416518.509800</td>\n",
              "      <td>415874.58980</td>\n",
              "      <td>441845.491500</td>\n",
              "      <td>117176.45220</td>\n",
              "      <td>232641.24410</td>\n",
              "      <td>310823.42370</td>\n",
              "    </tr>\n",
              "    <tr>\n",
              "      <th>5</th>\n",
              "      <td>Armenia</td>\n",
              "      <td>91029.29153</td>\n",
              "      <td>229964.4609</td>\n",
              "      <td>65048.09287</td>\n",
              "      <td>137066.2508</td>\n",
              "      <td>28356.84739</td>\n",
              "      <td>0.00000</td>\n",
              "      <td>79125.16949</td>\n",
              "      <td>352951.5593</td>\n",
              "      <td>319988.4102</td>\n",
              "      <td>422595.837200</td>\n",
              "      <td>415618.29840</td>\n",
              "      <td>430933.491600</td>\n",
              "      <td>145261.13220</td>\n",
              "      <td>234753.08810</td>\n",
              "      <td>312668.68140</td>\n",
              "    </tr>\n",
              "    <tr>\n",
              "      <th>6</th>\n",
              "      <td>Manizales</td>\n",
              "      <td>140605.62390</td>\n",
              "      <td>287432.6759</td>\n",
              "      <td>103963.95940</td>\n",
              "      <td>131220.8881</td>\n",
              "      <td>51484.05085</td>\n",
              "      <td>79125.16949</td>\n",
              "      <td>0.00000</td>\n",
              "      <td>312656.7525</td>\n",
              "      <td>290751.3966</td>\n",
              "      <td>399864.413500</td>\n",
              "      <td>391360.26790</td>\n",
              "      <td>390940.844100</td>\n",
              "      <td>89387.63383</td>\n",
              "      <td>194656.38310</td>\n",
              "      <td>272917.06100</td>\n",
              "    </tr>\n",
              "    <tr>\n",
              "      <th>7</th>\n",
              "      <td>Valledupar</td>\n",
              "      <td>451930.49490</td>\n",
              "      <td>618118.1017</td>\n",
              "      <td>414918.18640</td>\n",
              "      <td>329495.4373</td>\n",
              "      <td>350081.83120</td>\n",
              "      <td>352951.55930</td>\n",
              "      <td>312656.75250</td>\n",
              "      <td>0.0000</td>\n",
              "      <td>166540.0319</td>\n",
              "      <td>127501.027100</td>\n",
              "      <td>151012.12000</td>\n",
              "      <td>137452.695000</td>\n",
              "      <td>303873.63730</td>\n",
              "      <td>172027.08140</td>\n",
              "      <td>184070.60810</td>\n",
              "    </tr>\n",
              "    <tr>\n",
              "      <th>8</th>\n",
              "      <td>Monteria</td>\n",
              "      <td>407658.33890</td>\n",
              "      <td>545567.3227</td>\n",
              "      <td>349662.76270</td>\n",
              "      <td>371296.4475</td>\n",
              "      <td>307626.77290</td>\n",
              "      <td>319988.41020</td>\n",
              "      <td>290751.39660</td>\n",
              "      <td>166540.0319</td>\n",
              "      <td>0.0000</td>\n",
              "      <td>132244.233900</td>\n",
              "      <td>140836.76270</td>\n",
              "      <td>144672.627100</td>\n",
              "      <td>212325.65430</td>\n",
              "      <td>218308.74570</td>\n",
              "      <td>229381.63050</td>\n",
              "    </tr>\n",
              "    <tr>\n",
              "      <th>9</th>\n",
              "      <td>Soledad</td>\n",
              "      <td>527610.72540</td>\n",
              "      <td>643411.5932</td>\n",
              "      <td>471839.76270</td>\n",
              "      <td>382921.6441</td>\n",
              "      <td>416518.50980</td>\n",
              "      <td>422595.83720</td>\n",
              "      <td>399864.41350</td>\n",
              "      <td>127501.0271</td>\n",
              "      <td>132244.2339</td>\n",
              "      <td>0.000000</td>\n",
              "      <td>59787.52210</td>\n",
              "      <td>5655.230441</td>\n",
              "      <td>314382.09150</td>\n",
              "      <td>240307.33630</td>\n",
              "      <td>252206.58980</td>\n",
              "    </tr>\n",
              "    <tr>\n",
              "      <th>10</th>\n",
              "      <td>Cartagena</td>\n",
              "      <td>499242.23040</td>\n",
              "      <td>638264.3390</td>\n",
              "      <td>471964.54910</td>\n",
              "      <td>398669.9797</td>\n",
              "      <td>415874.58980</td>\n",
              "      <td>415618.29840</td>\n",
              "      <td>391360.26790</td>\n",
              "      <td>151012.1200</td>\n",
              "      <td>140836.7627</td>\n",
              "      <td>59787.522100</td>\n",
              "      <td>0.00000</td>\n",
              "      <td>57879.542370</td>\n",
              "      <td>453711.74580</td>\n",
              "      <td>243948.36680</td>\n",
              "      <td>248541.03720</td>\n",
              "    </tr>\n",
              "    <tr>\n",
              "      <th>11</th>\n",
              "      <td>Barranquilla</td>\n",
              "      <td>503111.55930</td>\n",
              "      <td>650575.3220</td>\n",
              "      <td>627931.44880</td>\n",
              "      <td>399236.1016</td>\n",
              "      <td>441845.49150</td>\n",
              "      <td>430933.49160</td>\n",
              "      <td>390940.84410</td>\n",
              "      <td>137452.6950</td>\n",
              "      <td>144672.6271</td>\n",
              "      <td>5655.230441</td>\n",
              "      <td>57879.54237</td>\n",
              "      <td>0.000000</td>\n",
              "      <td>319781.81360</td>\n",
              "      <td>456469.64410</td>\n",
              "      <td>264267.00010</td>\n",
              "    </tr>\n",
              "    <tr>\n",
              "      <th>12</th>\n",
              "      <td>Medellin</td>\n",
              "      <td>205798.24750</td>\n",
              "      <td>354530.1688</td>\n",
              "      <td>167213.80070</td>\n",
              "      <td>208327.0847</td>\n",
              "      <td>117176.45220</td>\n",
              "      <td>145261.13220</td>\n",
              "      <td>89387.63383</td>\n",
              "      <td>303873.6373</td>\n",
              "      <td>212325.6543</td>\n",
              "      <td>314382.091500</td>\n",
              "      <td>453711.74580</td>\n",
              "      <td>319781.813600</td>\n",
              "      <td>0.00000</td>\n",
              "      <td>183419.44070</td>\n",
              "      <td>261704.01830</td>\n",
              "    </tr>\n",
              "    <tr>\n",
              "      <th>13</th>\n",
              "      <td>Bucaramanga</td>\n",
              "      <td>326404.06440</td>\n",
              "      <td>465323.6882</td>\n",
              "      <td>493613.75930</td>\n",
              "      <td>184579.3220</td>\n",
              "      <td>232641.24410</td>\n",
              "      <td>234753.08810</td>\n",
              "      <td>194656.38310</td>\n",
              "      <td>172027.0814</td>\n",
              "      <td>218308.7457</td>\n",
              "      <td>240307.336300</td>\n",
              "      <td>243948.36680</td>\n",
              "      <td>456469.644100</td>\n",
              "      <td>183419.44070</td>\n",
              "      <td>0.00000</td>\n",
              "      <td>80516.40346</td>\n",
              "    </tr>\n",
              "    <tr>\n",
              "      <th>14</th>\n",
              "      <td>Cucuta</td>\n",
              "      <td>404758.78640</td>\n",
              "      <td>533085.8983</td>\n",
              "      <td>374823.39650</td>\n",
              "      <td>206561.4285</td>\n",
              "      <td>310823.42370</td>\n",
              "      <td>312668.68140</td>\n",
              "      <td>272917.06100</td>\n",
              "      <td>184070.6081</td>\n",
              "      <td>229381.6305</td>\n",
              "      <td>252206.589800</td>\n",
              "      <td>248541.03720</td>\n",
              "      <td>264267.000100</td>\n",
              "      <td>261704.01830</td>\n",
              "      <td>80516.40346</td>\n",
              "      <td>0.00000</td>\n",
              "    </tr>\n",
              "  </tbody>\n",
              "</table>\n",
              "</div>"
            ],
            "text/plain": [
              "      Unnamed: 0       Palmira        Pasto         Tulua       Bogota  \\\n",
              "0        Palmira       0.00000  163364.6915   48356.95593  224037.7153   \n",
              "1          Pasto  163364.69150       0.0000  186702.75730  361531.4136   \n",
              "2          Tulua   48356.95593  186702.7573       0.00000  249637.3966   \n",
              "3         Bogota  224037.71530  361531.4136  249637.39660       0.0000   \n",
              "4        Pereira   99945.82034  237775.2725   53706.55600  183054.5431   \n",
              "5        Armenia   91029.29153  229964.4609   65048.09287  137066.2508   \n",
              "6      Manizales  140605.62390  287432.6759  103963.95940  131220.8881   \n",
              "7     Valledupar  451930.49490  618118.1017  414918.18640  329495.4373   \n",
              "8       Monteria  407658.33890  545567.3227  349662.76270  371296.4475   \n",
              "9        Soledad  527610.72540  643411.5932  471839.76270  382921.6441   \n",
              "10     Cartagena  499242.23040  638264.3390  471964.54910  398669.9797   \n",
              "11  Barranquilla  503111.55930  650575.3220  627931.44880  399236.1016   \n",
              "12      Medellin  205798.24750  354530.1688  167213.80070  208327.0847   \n",
              "13   Bucaramanga  326404.06440  465323.6882  493613.75930  184579.3220   \n",
              "14        Cucuta  404758.78640  533085.8983  374823.39650  206561.4285   \n",
              "\n",
              "         Pereira       Armenia     Manizales   Valledupar     Monteria  \\\n",
              "0    99945.82034   91029.29153  140605.62390  451930.4949  407658.3389   \n",
              "1   237775.27250  229964.46090  287432.67590  618118.1017  545567.3227   \n",
              "2    53706.55600   65048.09287  103963.95940  414918.1864  349662.7627   \n",
              "3   183054.54310  137066.25080  131220.88810  329495.4373  371296.4475   \n",
              "4        0.00000   28356.84739   51484.05085  350081.8312  307626.7729   \n",
              "5    28356.84739       0.00000   79125.16949  352951.5593  319988.4102   \n",
              "6    51484.05085   79125.16949       0.00000  312656.7525  290751.3966   \n",
              "7   350081.83120  352951.55930  312656.75250       0.0000  166540.0319   \n",
              "8   307626.77290  319988.41020  290751.39660  166540.0319       0.0000   \n",
              "9   416518.50980  422595.83720  399864.41350  127501.0271  132244.2339   \n",
              "10  415874.58980  415618.29840  391360.26790  151012.1200  140836.7627   \n",
              "11  441845.49150  430933.49160  390940.84410  137452.6950  144672.6271   \n",
              "12  117176.45220  145261.13220   89387.63383  303873.6373  212325.6543   \n",
              "13  232641.24410  234753.08810  194656.38310  172027.0814  218308.7457   \n",
              "14  310823.42370  312668.68140  272917.06100  184070.6081  229381.6305   \n",
              "\n",
              "          Soledad     Cartagena   Barranquilla      Medellin   Bucaramanga  \\\n",
              "0   527610.725400  499242.23040  503111.559300  205798.24750  326404.06440   \n",
              "1   643411.593200  638264.33900  650575.322000  354530.16880  465323.68820   \n",
              "2   471839.762700  471964.54910  627931.448800  167213.80070  493613.75930   \n",
              "3   382921.644100  398669.97970  399236.101600  208327.08470  184579.32200   \n",
              "4   416518.509800  415874.58980  441845.491500  117176.45220  232641.24410   \n",
              "5   422595.837200  415618.29840  430933.491600  145261.13220  234753.08810   \n",
              "6   399864.413500  391360.26790  390940.844100   89387.63383  194656.38310   \n",
              "7   127501.027100  151012.12000  137452.695000  303873.63730  172027.08140   \n",
              "8   132244.233900  140836.76270  144672.627100  212325.65430  218308.74570   \n",
              "9        0.000000   59787.52210    5655.230441  314382.09150  240307.33630   \n",
              "10   59787.522100       0.00000   57879.542370  453711.74580  243948.36680   \n",
              "11    5655.230441   57879.54237       0.000000  319781.81360  456469.64410   \n",
              "12  314382.091500  453711.74580  319781.813600       0.00000  183419.44070   \n",
              "13  240307.336300  243948.36680  456469.644100  183419.44070       0.00000   \n",
              "14  252206.589800  248541.03720  264267.000100  261704.01830   80516.40346   \n",
              "\n",
              "          Cucuta  \n",
              "0   404758.78640  \n",
              "1   533085.89830  \n",
              "2   374823.39650  \n",
              "3   206561.42850  \n",
              "4   310823.42370  \n",
              "5   312668.68140  \n",
              "6   272917.06100  \n",
              "7   184070.60810  \n",
              "8   229381.63050  \n",
              "9   252206.58980  \n",
              "10  248541.03720  \n",
              "11  264267.00010  \n",
              "12  261704.01830  \n",
              "13   80516.40346  \n",
              "14       0.00000  "
            ]
          },
          "metadata": {},
          "output_type": "display_data"
        }
      ],
      "source": [
        "import numpy as np\n",
        "import pandas as pd\n",
        "from IPython.display import display\n",
        "import matplotlib.pyplot as plt\n",
        "\n",
        "# Read the Excel file into a DataFrame\n",
        "data_frame = pd.read_excel('/Parte_2_dataset_alldata.xlsx')\n",
        "\n",
        "# Convert the entire data frame in an array\n",
        "array = data_frame.values.tolist()\n",
        "\n",
        "# Save the name of the columns in a dictionary\n",
        "cities = {}\n",
        "for i in range(len(array[0]) - 1):\n",
        "  cities[i] = array[i][0]\n",
        "\n",
        "print(\"Diccionario con las ciudades, y un identificador numérico que las caracteriza:\\n\",cities,\"\\n\")\n",
        "\n",
        "# Convert the DataFrame to an array.\n",
        "# This array is the Matrix Cost\n",
        "cost_matrix = data_frame.iloc[:, 1:].values.tolist()\n",
        "# Show de data_frame\n",
        "print(\"Dataframe:\")\n",
        "display(data_frame)\n"
      ]
    },
    {
      "cell_type": "markdown",
      "metadata": {
        "id": "2p26Hi3ITeNM"
      },
      "source": [
        "## 2. Formular la solución del TSP con Algoritmos Genéticos (GA)\n",
        "\n",
        "La librería elegida para desarrollar la solución se llama `DEAP`. Por sus siglas en inglés *Distributed Evolutionary Algorithms in Python*, esta librería ofrece un framework con el cual es posible crear y ejecutar algoritmos evolutivos, entre ellos algoritmos genéticos, y manipular sus parámetros de acuerdo al problema enfrentado.\n"
      ]
    },
    {
      "cell_type": "code",
      "execution_count": 57,
      "metadata": {
        "id": "rvZCv8oBV3wz"
      },
      "outputs": [
        {
          "name": "stdout",
          "output_type": "stream",
          "text": [
            "Defaulting to user installation because normal site-packages is not writeable\n",
            "Requirement already satisfied: deap in /home/sebas/.local/lib/python3.10/site-packages (1.4.1)\n",
            "Requirement already satisfied: numpy in /home/sebas/.local/lib/python3.10/site-packages (from deap) (1.26.4)\n",
            "Defaulting to user installation because normal site-packages is not writeable\n",
            "Requirement already satisfied: seaborn in /home/sebas/.local/lib/python3.10/site-packages (0.13.2)\n",
            "Requirement already satisfied: matplotlib!=3.6.1,>=3.4 in /home/sebas/.local/lib/python3.10/site-packages (from seaborn) (3.8.3)\n",
            "Requirement already satisfied: numpy!=1.24.0,>=1.20 in /home/sebas/.local/lib/python3.10/site-packages (from seaborn) (1.26.4)\n",
            "Requirement already satisfied: pandas>=1.2 in /home/sebas/.local/lib/python3.10/site-packages (from seaborn) (2.2.1)\n",
            "Requirement already satisfied: cycler>=0.10 in /home/sebas/.local/lib/python3.10/site-packages (from matplotlib!=3.6.1,>=3.4->seaborn) (0.12.1)\n",
            "Requirement already satisfied: fonttools>=4.22.0 in /home/sebas/.local/lib/python3.10/site-packages (from matplotlib!=3.6.1,>=3.4->seaborn) (4.49.0)\n",
            "Requirement already satisfied: kiwisolver>=1.3.1 in /home/sebas/.local/lib/python3.10/site-packages (from matplotlib!=3.6.1,>=3.4->seaborn) (1.4.5)\n",
            "Requirement already satisfied: packaging>=20.0 in /usr/lib/python3/dist-packages (from matplotlib!=3.6.1,>=3.4->seaborn) (21.3)\n",
            "Requirement already satisfied: pillow>=8 in /usr/lib/python3/dist-packages (from matplotlib!=3.6.1,>=3.4->seaborn) (9.0.1)\n",
            "Requirement already satisfied: python-dateutil>=2.7 in /home/sebas/.local/lib/python3.10/site-packages (from matplotlib!=3.6.1,>=3.4->seaborn) (2.8.2)\n",
            "Requirement already satisfied: pyparsing>=2.3.1 in /usr/lib/python3/dist-packages (from matplotlib!=3.6.1,>=3.4->seaborn) (2.4.7)\n",
            "Requirement already satisfied: contourpy>=1.0.1 in /home/sebas/.local/lib/python3.10/site-packages (from matplotlib!=3.6.1,>=3.4->seaborn) (1.2.0)\n",
            "Requirement already satisfied: tzdata>=2022.7 in /home/sebas/.local/lib/python3.10/site-packages (from pandas>=1.2->seaborn) (2024.1)\n",
            "Requirement already satisfied: pytz>=2020.1 in /home/sebas/.local/lib/python3.10/site-packages (from pandas>=1.2->seaborn) (2024.1)\n",
            "Requirement already satisfied: six>=1.5 in /usr/lib/python3/dist-packages (from python-dateutil>=2.7->matplotlib!=3.6.1,>=3.4->seaborn) (1.16.0)\n"
          ]
        }
      ],
      "source": [
        "# Install the DEAP library\n",
        "!pip install deap\n",
        "!pip install seaborn"
      ]
    },
    {
      "cell_type": "code",
      "execution_count": 58,
      "metadata": {
        "id": "Bkbz5hn4UEUi"
      },
      "outputs": [
        {
          "name": "stderr",
          "output_type": "stream",
          "text": [
            "/home/sebas/.local/lib/python3.10/site-packages/deap/creator.py:185: RuntimeWarning: A class named 'FitnessMin' has already been created and it will be overwritten. Consider deleting previous creation of that class or rename it.\n",
            "  warnings.warn(\"A class named '{0}' has already been created and it \"\n",
            "/home/sebas/.local/lib/python3.10/site-packages/deap/creator.py:185: RuntimeWarning: A class named 'Individual' has already been created and it will be overwritten. Consider deleting previous creation of that class or rename it.\n",
            "  warnings.warn(\"A class named '{0}' has already been created and it \"\n"
          ]
        }
      ],
      "source": [
        "# Import the necessary libraries to run GA\n",
        "from deap import base\n",
        "from deap import creator\n",
        "from deap import tools\n",
        "from deap import algorithms\n",
        "\n",
        "import elitism\n",
        "\n",
        "import random\n",
        "import array\n",
        "\n",
        "import numpy as np\n",
        "import matplotlib.pyplot as plt\n",
        "import seaborn as sns\n",
        "\n",
        "\n",
        "# Set the random seed for repeatable results\n",
        "RANDOM_SEED = 1983\n",
        "random.seed(RANDOM_SEED)\n",
        "\n",
        "\n",
        "# Genetic Algorithm constants:\n",
        "POPULATION_SIZE = 500\n",
        "MAX_GENERATIONS = 50\n",
        "HALL_OF_FAME_SIZE = 30\n",
        "P_CROSSOVER = 0.8  # probability for crossover\n",
        "P_MUTATION = 0.3   # probability for mutating an individual\n",
        "\n",
        "toolbox = base.Toolbox()\n",
        "\n",
        "# Create the differents instances necesaries for the GA\n",
        "# Define a single objective, minimizing fitness strategy:\n",
        "creator.create(\"FitnessMin\", base.Fitness, weights=(-1.0,))\n",
        "\n",
        "# Create the Individual class based on list of integers:\n",
        "creator.create(\"Individual\", array.array, typecode='i', fitness=creator.FitnessMin)\n",
        "\n",
        "# Register of operators necesaries for the GA\n",
        "# Create an operator that generates randomly shuffled indices:\n",
        "toolbox.register(\"randomOrder\", random.sample, range(len(cost_matrix)), len(cost_matrix))\n",
        "\n",
        "# Create the individual creation operator to fill up an Individual instance with shuffled indices:\n",
        "toolbox.register(\"individualCreator\", tools.initIterate, creator.Individual, toolbox.randomOrder)\n",
        "\n",
        "# Create the population creation operator to generate a list of individuals:\n",
        "toolbox.register(\"populationCreator\", tools.initRepeat, list, toolbox.individualCreator)\n",
        "\n",
        "#print(\"Cantidad de ciudades:\", len(cost_matrix),\"\\n\")\n",
        "#print(\"Dimensiones matriz de costo:\",np.array(cost_matrix).shape,\"\\n\")\n",
        "#print(\"Costo de la primera ciudad en la lista de ciudades, a las demás:\\n\",cost_matrix[0])\n"
      ]
    },
    {
      "cell_type": "code",
      "execution_count": 59,
      "metadata": {
        "id": "te36rCjuYarr"
      },
      "outputs": [],
      "source": [
        "# Fitness Function: Calcule the total cost of a travel along all the cities. In GA, this function calculate the cost associate to an individual\n",
        "def tspCost(individual):\n",
        "\n",
        "  # Cost between the last and first city:\n",
        "  cost = cost_matrix[individual[-1]][individual[0]]\n",
        "\n",
        "  # For an individual, add the cost between each pair of consequtive cities:\n",
        "  for i in range(len(individual) - 1):\n",
        "      cost += cost_matrix[individual[i]][individual[i + 1]]\n",
        "\n",
        "  return (cost,) # Return a tuple, required for DEAP syntax"
      ]
    },
    {
      "cell_type": "code",
      "execution_count": 60,
      "metadata": {
        "id": "BDwvX5znaGOh"
      },
      "outputs": [],
      "source": [
        "# Defines the Fitness function\n",
        "toolbox.register(\"evaluate\", tspCost)\n",
        "\n",
        "# Genetic operators: this operators are specially for reproductive cycle \n",
        "toolbox.register(\"select\", tools.selTournament, tournsize=2)\n",
        "toolbox.register(\"mate\", tools.cxOrdered)\n",
        "toolbox.register(\"mutate\", tools.mutShuffleIndexes, indpb=1.0/len(cost_matrix))"
      ]
    },
    {
      "cell_type": "code",
      "execution_count": 61,
      "metadata": {
        "id": "oQIDUgzwffTR"
      },
      "outputs": [
        {
          "name": "stdout",
          "output_type": "stream",
          "text": [
            "gen\tnevals\tmin        \tavg        \n",
            "0  \t500   \t2.95472e+06\t4.30121e+06\n",
            "1  \t407   \t2.40151e+06\t4.04306e+06\n",
            "2  \t385   \t2.40151e+06\t3.85709e+06\n",
            "3  \t399   \t2.40151e+06\t3.71856e+06\n",
            "4  \t416   \t2.35161e+06\t3.58374e+06\n",
            "5  \t409   \t2.30525e+06\t3.45501e+06\n",
            "6  \t404   \t2.30525e+06\t3.33897e+06\n",
            "7  \t410   \t2.11194e+06\t3.25374e+06\n",
            "8  \t405   \t2.07008e+06\t3.20955e+06\n",
            "9  \t402   \t1.97804e+06\t3.1362e+06 \n",
            "10 \t405   \t1.97804e+06\t3.12271e+06\n",
            "11 \t393   \t1.97297e+06\t3.03768e+06\n",
            "12 \t415   \t1.97297e+06\t2.96789e+06\n",
            "13 \t411   \t1.97297e+06\t2.96036e+06\n",
            "14 \t397   \t1.88528e+06\t2.9303e+06 \n",
            "15 \t395   \t1.88222e+06\t2.87463e+06\n",
            "16 \t409   \t1.88222e+06\t2.86251e+06\n",
            "17 \t412   \t1.8648e+06 \t2.80364e+06\n",
            "18 \t402   \t1.8648e+06 \t2.76498e+06\n",
            "19 \t424   \t1.81361e+06\t2.76185e+06\n",
            "20 \t397   \t1.81361e+06\t2.74918e+06\n",
            "21 \t401   \t1.81361e+06\t2.73306e+06\n",
            "22 \t407   \t1.81361e+06\t2.68973e+06\n",
            "23 \t412   \t1.81361e+06\t2.69129e+06\n",
            "24 \t380   \t1.80104e+06\t2.62123e+06\n",
            "25 \t404   \t1.80077e+06\t2.60263e+06\n",
            "26 \t406   \t1.80077e+06\t2.62589e+06\n",
            "27 \t405   \t1.7667e+06 \t2.6419e+06 \n",
            "28 \t402   \t1.7667e+06 \t2.64955e+06\n",
            "29 \t401   \t1.7667e+06 \t2.56683e+06\n",
            "30 \t390   \t1.7667e+06 \t2.51502e+06\n",
            "31 \t391   \t1.7667e+06 \t2.495e+06  \n",
            "32 \t403   \t1.76611e+06\t2.41971e+06\n",
            "33 \t400   \t1.76611e+06\t2.39022e+06\n",
            "34 \t376   \t1.76611e+06\t2.39936e+06\n",
            "35 \t412   \t1.76611e+06\t2.46653e+06\n",
            "36 \t393   \t1.76611e+06\t2.42906e+06\n",
            "37 \t391   \t1.76611e+06\t2.39912e+06\n",
            "38 \t421   \t1.76611e+06\t2.37125e+06\n",
            "39 \t404   \t1.76611e+06\t2.39837e+06\n",
            "40 \t405   \t1.76611e+06\t2.36772e+06\n",
            "41 \t409   \t1.76611e+06\t2.40471e+06\n",
            "42 \t406   \t1.76611e+06\t2.38563e+06\n",
            "43 \t396   \t1.76611e+06\t2.40158e+06\n",
            "44 \t397   \t1.76611e+06\t2.32137e+06\n",
            "45 \t418   \t1.76611e+06\t2.35818e+06\n",
            "46 \t396   \t1.76611e+06\t2.31349e+06\n",
            "47 \t410   \t1.76611e+06\t2.3108e+06 \n",
